# TSE (Tokyo) — liquid Prime/Standard universe. Dead symbols auto-pruned by validator.
# yfinance suffix .T added automatically.
1301
1332
1333
1375
1376
1605
1662
1663
1801
1802
1803
1808
1812
1820
2002
2004
2009
2013
2015
2055
2108
2201
2204
3101
3104
3105
3107
3110
3861
3863
3877
4004
4005
4021
4022
4041
4307
4324
4326
4369
4371
4374
4380
4385
4391
4403
4406
4409
4417
4418
4419
4420
4421
4424
4425
4431
4432
4436
4437
4438
4441
4443
5101
5108
5110
5201
5202
5214
5232
5233
6013
6016
6022
6023
6029
6031
6033
6034
6036
6038
6040
6042
6044
6045
6046
6047
6049
6050
6054
6055
6058
6059
6062
6063
6069
6070
6071
6072
6073
6074
6402
6403
6405
6407
6408
6412
6413
6417
6418
6419
6420
6424
6425
6428
6430
6432
6433
6436
6440
6444
6445
6448
6454
6455
6457
6458
6459
6460
6463
6464
6465
6466
6467
6469
6470
6471
6472
6473
6474
6479
6480
6481
6482
6484
6485
7003
7004
7011
7012
7013
7014
7018
7021
7022
7030
7031
7033
7034
7035
7036
7037
7038
7039
7040
7041
7042
7043
7044
7046
7701
7731
7733
7735
7741
7751
7752
7762
7769
8001
8002
8005
8006
8007
8008
8011
8012
8013
8014
8015
8016
8018
8020
8022
8023
8025
8029
8030
8031
8032
8035
8037
8039
8040
8301
8303
8304
8306
8308
8309
8316
8331
8334
8336
8337
8338
8341
8343
8344
8345
8346
8349
8354
8801
8802
8803
8804
8818
9001
9003
9005
9006
9007
9008
9009
9010
9012
9017
9020
9021
9022
9023
9024
9025
9028
9029
9031
9412
9413
9414
9416
9417
9418
9419
9421
9423
9424
9425
9428
9432
9433
9434
9435
9436
9438
9439
9441
9444
9445
9446
9449
9450
9466
9467
9468
9470
9474
9475
9476
9478
7203
6758
6861
9984
6098
4063
6501
7974
6902
7267
6594
4502
4519
6367
8058
8411
6273
6954
4661
9983
2914
4568
6981
6752
6503
9101
9104
9107
4452
4543
6857
6920
4901
3382
8267
6178
4578
4503
4151
6701
6702
6326
7269
7270
7201
7211
3407
4188
3402
5401
5406
5411
4042
5020
5019
1721
1925
1928
1963
2502
2503
2802
2871
8830
7832
7912
9602
9735
9766
2433
6504
6506
6645
8053
2768
3092
4477
4751
2413
9501
9502
9503
9531
9532
5802
5803
5713
5714
4911
4912
4922
7649
8233
8252
3099
9962
6146
7164
8595
8601
8604
8628
8630
8725
8750
8766
8795
7186
8377
6532
2127
