# KOSPI — full liquid universe from FinanceDataReader listing, advol-validated.
# yfinance suffix added automatically. Regenerated 2026-06-16
000080
000100
000120
000150
000155
000210
000220
000240
000270
000370
000430
000500
000650
000660
000720
000810
000815
000880
00088K
000990
001040
001120
001200
001250
001340
001430
001440
001450
001510
001720
001740
001800
001820
002020
002380
002790
002900
003000
003030
003160
003220
003230
003280
003470
003490
003530
003540
003550
003555
003570
003620
003670
003690
003720
003780
004000
004020
004090
004100
004150
004170
004310
004370
004380
004490
004710
004800
004870
004990
005010
005070
005090
005180
005250
005300
005380
005385
005387
005389
005420
005440
005490
005500
005680
005690
005830
005850
005880
005930
005935
005940
005950
006110
006220
006260
006280
006340
006345
006360
006400
006405
006650
006660
006800
00680K
007070
007340
007610
007660
007810
008060
008350
008770
008930
009150
009155
009190
009420
009450
009470
009540
009830
009970
010060
010120
010130
010140
010690
010780
010820
010950
011000
011070
011170
011200
011210
011230
011500
011780
011790
011930
012030
012200
012205
012330
012450
012510
012610
0126Z0
012750
014680
014910
015760
015860
016360
016380
017550
017670
017800
017900
017960
018260
018670
018880
019180
020000
020150
021240
022100
023530
023590
024110
025560
025820
025860
026960
028050
028260
02826K
028670
029780
030000
030200
031210
031430
032350
032640
032830
033240
033780
034020
034220
034230
034730
035250
035420
035510
035720
036460
036570
037270
037560
039490
042660
042700
047040
047050
047810
051600
051630
051900
051910
051915
052690
053690
055550
058430
062040
064350
064400
064960
066570
066575
066970
068270
069260
069620
069960
071050
071055
071970
073240
075580
077500
077970
078930
079550
079900
081660
082740
084670
085620
086280
086790
088350
088980
089590
090430
090460
092200
092220
092790
093370
096770
097230
097950
100090
100840
103140
103590
105560
105840
108320
111770
112610
114090
120110
128820
128940
130660
138040
138930
139130
139480
161000
161390
161890
175330
178920
180640
181710
192080
192650
192820
195870
204320
207940
214320
217590
229640
241560
248070
249420
251270
259960
267250
267260
267270
271560
272210
278470
279570
281820
282330
285130
294870
298000
298020
298040
298050
302440
307950
316140
322000
323410
326030
329180
336260
336370
352820
353200
361610
373220
375500
377300
383220
383800
395400
402340
439260
443060
450080
452260
454910
456040
457190
460860
462870
475150
483650
484870
489790
499790
