# KOSDAQ — liquid Korea tech/growth board. Dead symbols auto-pruned by validator.
# yfinance suffix .KQ added automatically.
247540
086520
357780
096530
006110
051600
214150
240810
039030
036540
104830
102460
089030
091810
012510
045390
054040
060280
053800
064290
241770
053580
112040
263750
225570
095660
036030
293490
194480
069080
122900
194700
036090
196170
145020
068760
028080
100120
048410
298380
214420
258790
091120
078160
041830
237690
140610
215600
086900
067160
122870
041510
033230
131970
008490
232140
044480
059090
095720
067630
078340
003310
053210
045060
137950
060310
035600
032280
050120
039200
217270
101240
033160
089010
109080
025900
026890
241790
016590
030000
019170
054620
040910
038680
043260
084730
115160
075580
141080
204210
052900
095700
060370
089140
034120
051160
053300
091440
205470
011040
024060
208370
038870
047560
042370
058850
078520
190650
089590
045100
042040
012800
010470
067830
039010
056080
036930
066570
024800
011370
043360
028300
058470
095340
005290
328130
042700
348370
137310
222800
277810
067310
056190
098460
178320
140860
095610
084370
192080
376300
058610
357550
950140
145720
035900
035760
253450
099190
950130
900140
064760
078600
222080
200130
214450
