# TWSE (Taiwan Stock Exchange) — liquid large/mid-cap universe
# yfinance suffix .TW is added automatically
# Curated from Taiwan 50 + Mid-Cap 100 + liquid sector leaders.
# Dead/illiquid symbols are pruned automatically by the download validator.
2330
2317
2454
2308
2382
2412
2303
3711
2379
2357
2395
3008
2474
6505
1301
1303
1326
2002
2207
1216
2912
2881
2882
2883
2884
2885
2886
2887
2890
2891
2892
2880
5880
2801
1101
1102
2105
2603
2609
2615
2618
2610
3045
4904
3034
3037
3231
2376
2377
2356
2353
6669
2345
2049
1590
9910
9921
9914
2327
2360
3443
8046
3017
2383
2368
2492
2354
4938
2324
2352
6176
3481
2409
2371
1605
1402
9904
9945
2542
5871
2633
2347
3702
2459
6415
1476
9907
1503
1504
6239
3035
3006
2344
2351
2451
6285
8150
2458
3653
4958
3406
2436
